]1234
100 6
]]]]]]
]]]]]]
]]]]]]
222]]]
]22]]]
]]2]]]
]]2]]]
]4]]]]
]]]]]]
2]]]]]
1]]]]]
2]]]]]
]]]]]]
]]]]]]
]]]]]]
]]]]]]
]1]]]]
]1]]]]
]]]]]]
]]]]]]
]]]]]]
]]]]]]
]]]]]]
]22]]]
]22]]]
122]]]
]12]]]
]]2]]]
]]]]]]
]]]]]]
]]]]]]
]]]]]]
]]]]]]
]2]]]]
22]]]]
]2]]]]
]2]]]]
12]]]]
]]]]]]
]]]]]]
2]]]]]
2]]]]]
]2]]]]
]]]]]]
]2]]]]
]2]]]]
]]2]]]
]]]]]]
]]]]]]
]]]]]]
]]1]]]
]1]]]]
]1]]]]
11]]]]
11]]]]
]]]]]]
]]]]]]
]2]]]]
]2]]]]
]]]]]]
]]]]]]
]]2]]]
]22]]]
]]2]]]
]]]]]]
]]]]]]
]]]]]]
]]]]]]
]2]]]]
]]2]]]
]]2]]]
]]1]]]
]]1]]]
]]1]]]
]]]]]]
]]]]]]
]]]]]]
]]]]]]
]]]]]]
]1]]]]
]1]]]]
]2]]]]
22]]]]
]2]]]]
]22]]]
]22]]]
]22]]]
]]]]]]
]]]]]]
]]]]]]
]]]]]]
]]]]]]
]]]]]]
]]]]]]
]]]]]]
]]]]]]
]]4]]]
]]]]]]
]]]]]]
]]]]]]
